Code_Alim
37000
23410
13201
22002
25967
26179
19665
15001
26135
7712
26172
28911
26062
20202
19594
39532
28460
25564
9863
8326
36033
31040
20005
25550
18901
25037
25516
13175
23121
40119
9815
26242
9011
20801
76046
28472
19581
40700
26232
10044
21001
39214
11107
2050
30316
25629
26052
11077
26017
19655
20062
26152
13712
7413
31121
76019
24007
9901
19674
76067
76070
20067
19581
25490
8703
13101
12520
21503
20295
13032
20314
20338
24684
28002
2027
4014
7300
20004
18005
10002
20044
18044
20332
2377
23799
13623
26147
19556
10006
76015
11160
11027
26040
25610
7012
76089
31059
19651
11506
24631
19852
36040
2009
25146
4035
11162
12735
20034
4044
24038
32140
25999
38106
19669
12842
2075
19655
26177
9610
6257
8903
20298
9871
25948
76013
26129
15029
20143
11132
20005
2035
26271
7413
26264
11163
28103
13136
13160
18001
25415
20811
25540
40305
25934
51502
20329
42003
25490
27011
9690
31115
26061
36702
30801
7813
20298
39509
26243
12113
15005
26270
20161
36003
20008
20138
15000
7733
30134
17999
4023
28925
26014
9824
25957
30350
9871
26018
36318
26041
20045
13187
23300
26141
18024
19589
13419
32113
26098
19546
25905
21524
4036
9612
8201
2038
15023
30110
9683
24631
9109
38404
20197
25528
6116
36002
20272
31092
30707
24054
30125
16540
24036
20241
11027
4045
21519
11507
23940
10021
11170
25142
13147
25548
22003
36036
25544
25413
1019
39236
23445
36023
11003
19696
25524
11215
11218
25018
28850
12738
15000
18013
9331
10018
13047
9321
15025
14006
13035
25600
39528
13712
20074
31008
11027
30351
20289
38107
20214
6206
28504
9083
23820
26018
25204
31008
25562
24630
22511
25600
20071
13409
1023
25230
13418
13432
15016
32113
11304
26123
18352
20020
17020
20824
13178
25909
25163
2365
40409
11143
9660
17001
31054
23684
31104
23881
11069
20136
20159
20163
27008
30131
26231
21513
24441
25416
2060
24070
17640
39519
12052
31017
20815
40405
26154
25127
20143
1007
23880
13172
20208
31073
12356
25543
13173
26087
26239
18076
6904
9121
31068
20516
24036
12760
25003
23594
25597
17190
11187
23494
8323
36102
24010
39248
1018
9410
27023
9331
13129
6214
4039
8612
25918
13549
10030
34004
26257
31050
12802
20069
40409
20924
25181
10043
17701
76030
9614
13131
20094
20500
18154
26172
26177
31067
10062
18026
2060
20503
6907
23805
12305
16540
20159
25595
8296
20189
76088
13034
26257
12519
9121
26214
2078
10010
20814
1019
20257
12123
8081
6271
19420
23080
76007
19554
13439
23474
28103
26017
11170
20506
40113
10013
6123
20036
23410
39511
5214
12356
28004
6205
26192
9643
25139
25403
24031
13128
25154
26062
76012
9901
26009
26055
42003
20288
12030
26123
25594
25417
8400
21501
18013
23925
40055
25107
25226
2053
25204
26026
4011
28479
28540
38106
26243
24017
12052
24005
26085
24041
9811
19587
36022
8380
6564
17390
9580
6111
27007
36202
20262
15045
11004
19501
30764
6513
10042
20210
76025
25523
26258
25556
20334
28800
36301
19587
15035
31064
32011
9103
7116
20320
9545
25533
23480
12521
20204
25417
27031
20124
27024
30177
20044
36027
13009
5010
2375
20134
13716
20145
30150
42000
13162
26249
28924
8912
25399
23531
25950
38407
13421
13405
20163
13027
26035
2366
18039
26062
19676
4045
25616
7602
20278
5100
11177
20036
11033
31034
32115
22004
18101
4045
25058
4090
40406
13151
25460
20283
32025
39236
25127
13413
8109
11019
2080
19027
13162
28009
20296
13424
21513
19689
11307
20057
20272
19644
13742
19433
23021
6208
10000
25010
20820
36500

7737
9331
25409
20256
19656
36029
25162
7712
20218
25900
22014
38404
42004
16654
20090
27010
26162
24000
12049
30130
42605
6131
19572
6201
31064
7407
7100
14003
13430
27005
19557
20123
13730
11003
20065
2076
11132
9614
23585
38104
20055
6240
28811
24665
39516
42200
10014
2079
20173
53201
20231
10062
23474
76012
12749
28460
12527
28802
12037
26265
13161
26119
23684
13051
32029
10059
8040
20510
7170
12012
23820
7413
31071
20067
7413
19200
12836
36050
8450
16742
25506
8010
30304
25402
25998
20088
9232
76018
25601
30125
13712
30050
31104
12310
7310
20093
20074
13011
8328
11108
8214
36503
13178
7352
20330
26238
26038
2019
22505
34002
37002
13025
25916
18076
36102
8315
30011
13019
16404
8501
7012
26126
19415
15044
2004
24231
26124
24072
11108
21519
25431
25531
15054
9121
13400
19592
4102
10043
20996
20233
20058
6252
20156
8206
11178
11019
19015
10001
18900
23479
39213
2069
28101
27008
30011
27008
25947
13089
19556
8206
7712
38407
25103
76096
23300
12060
16615
30900
31038
12839
76046
18029
19538
8350
10024
12116
18107
12527
12030
32115
11121
26083
25609
26206
24036
8083
20214
23121
20525
26048
20057
9003
6270
25226
31016
26083
18161
23402
25542
19596
20201
22008
30304
23457
39001
20101
4025
12020
18068
12812
13552
10099
25923
15010
20521
20314
2017
13034
6513
23448
39531
76044
12522
20916
28204
32016
40110
26244
25002
15021
26019
12834
28474
12035
11215
40302
20025
20301
28850
76087
39523
20513
51502
24080
36600
26237
2036
20111
12310
6207
13043
23477
40003
18048
13131
8083
15028
40053
19201
13412
6510
9310
20508
17701
9436
18904
16404
39233
8932
18309
40407
26238
2010
7742
25956
51550
19038
20233
8903
26010
24632
8111
12749
20143
23854
26009
7170
10009
20536
24632
6310
10038
16745
36100
6200
11300
11162
30152
25625
13529
20278
6212
8391
16614
26015
19575
25163
20273
18048
26134
16129
2054
40059
7301
28300
28911
20020
20017
1015
40408
6590
27009
27008
11120
25571
13415
25140
20114
28476
11105
31021
13021
15048
40119
9647
17630
25409
53101
19852
26003
19225
15202
16040
20118
76061
6540
20118
16129
30766
30154
20002
19596
24680
22009
11108
20087
31101
11021
7258
26044
20328
13423
20284
27016
24313
1010
13111
20589
25477
20008
4101
25019
36018
9083
8010
25009
19013
40409
12820
20589
11055
9435
26130
6110
23442
11040
9690
31000
28470
31020
30732
25586
13111
31074
23420
20525
23880
39213
13431
10031
9360
39518
39515
13128
26063
24051
11080
23535
7710
19024
20323
24430
20290
18168
25508
20082
30300
20993
25520
11108
40404
24659
7354
17700
19685
7420
19038
20531
